Date N IP Durations
6801 5 0.01517 5 23 34 52 52
6802 4 0.00997 12 28 60 165
6803 6 0.01170 1 2 8 10 22 44
6804 16 0.00473 3 4 13 14 28 28 31 35 37 45 48 49 50 60 102 103
6805 5 0.01277 9 9 11 43 49
6806 8 0.01138 7 9 13 14 26 29 52 130
6807 8 0.00424 3 3 8 10 24 53 91 205
6808 9 -0.00687 4 5 7 11 18 22 48 53 56
6809 10 -0.00023 1 2 7 16 17 44 57 64 70 175
6810 10 0.00791 1 4 4 7 12 30 46 53 61 208
6811 7 0.02538 5 8 14 30 32 44 49
6812 1 0.02939 3
6901 6 0.03927 4 4 9 13 33 98
6902 5 0.03710 17 34 46 65 82
6903 6 0.04186 5 18 44 44 59 60
6904 5 0.03156 7 14 31 32 77
6905 13 0.02180 1 2 7 10 18 23 25 36 42 46 47 50 77
6906 6 0.02299 9 37 41 49 52 119
6901 10 0.02057 2 13 25 31 31 35 44 45 53 111
6908 13 0.02191 3 4 5 6 7 9 14 23 26 37 46 47 77
6909 4 0.02094 2 11 16 147
6910 8 0.02171 2 2 4 6 16 18 31 42
6911 5 0.01298 6 7 32 44 70
7001 2 -0.00268 32 71
7002 2 -0.00987 7 27
7003 2 -0.01491 14 26
7004 8 -0.02361 4 4 43 60 62 64 68 82
7005 4 -0.03252 3 13 30 154
7006 11 -0.03957 3 17 19 28 72 99 104 114 152 153 216
7007 4 -0.04163 15 21 52 109
7008 8 -0.05107 3 5 9 26 52 61 148 168
7009 9 -0.06215 2 11 19 26 30 36 47 50 87
7010 9 -0.08626 3 5 7 17 23 30 104 108 192
7011 4 -0.09308 18 40 47 57
7101 9 -0.04777 1 5 10 15 19 28 42 64 148
7102 8 -0.05161 4 6 12 12 28 105 112 163
7103 5 -0.05473 11 12 29 50 235
7104 5 -0.05417 10 19 41 52 100
7105 10 -0.05196 3 4 10 12 34 88 101 102 104 124
7106 3 -0.05467 15 61 98
7107 5 -0.06169 22 24 38 64 84
7108 4 -0.06945 5 6 70 70
7109 6 -0.05824 1 11 18 19 50 90
7110 6 -0.04592 9 15 20 24 84 117
7111 5 -0.04610 1 23 25 59 63
7112 1 -0.03983 179
7201 2 -0.01353 92 153
7202 2 -0.00784 17 226
7203 2 -0.00354 13 23
7204 2 0.01303 2 38
7205 4 0.00513 3 3 6 139
7206 3 0.00535 2 25 85
7207 2 -0.00426 13 125
7208 3 0.01355 4 54 91
7209 1 0.02125 38
7210 2 0.03531 2 6
7212 1 0.05650 61
7301 1 0.06344 18
7302 1 0.07687 64
7303 1 0.07902 122
7304 5 0.07602 11 16 31 39 41
7305 7 0.07744 2 4 5 7 9 13 38
7306 2 0.07427 3 10
7307 9 0.07816 4 5 22 27 28 36 39 85 191
7308 3 0.07036 5 44 56
7309 6 0.07217 6 21 33 109 125 127
7310 9 0.07773 8 9 13 14 15 28 50 60 135
7311 3 0.08554 5 7 16
7312 3 0.07418 21 37 41
7401 5 0.07053 2 2 20 24 57
7402 9 0.06554 8 16 24 59 115 123 141 146 146
7403 10 0.06753 3 15 15 18 20 26 34 84 122 174
7404 9 0.06072 4 14 15 17 22 24 39 53 107
7405 15 0.06508 5 9 10 16 22 24 31 31 34 38 42 65 74 101 130
7406 18 0.06450 1 2 2 3 3 4 8 11 22 23 27 32 33 35 43 43 44 100
7407 13 0.06319 2 19 20 20 20 23 24 33 33 63 67 94 116
7408 10 0.05579 1 8 15 15 22 23 26 27 55 160
7409 9 0.05197 5 8 13 20 42 53 59 83 101
7410 7 0.03458 8 11 15 22 58 60 108
7411 7 -0.00225 31 42 45 50 61 106 142
7501 3 -0.09771 36 52 99
7502 3 -0.12124 38 47 62
7503 4 -0.13996 38 51 98 133
7504 2 -0.12590 9 86
7505 1 -0.12224 141
7506 2 -0.10443 5 49
7507 2 -0.08656 8 13
7508 3 -0.06279 2 6 37
7510 5 -0.05790 28 36 48 136 139
7511 5 -0.04919 2 14 15 33 143
7512 1 -0.04494 42
7601 1 -0.02700 8
7602 1 -0.00601 122
7603 1 -0.00693 56
7604 8 -0.00528 14 14 106 127 131 140 141 163
7605 5 -0.00155 22 23 29 99 118
7606 9 -0.00700 2 12 12 21 21 27 38 42 117
7607 6 -0.00157 2 12 19 22 75 126
7608 3 0.00134 8 36 107
7609 4 -0.01281 5 5 29 151
7610 6 -0.01538 9 16 29 35 65 136
7611 2 -0.00703 50 55
7612 3 -0.00003 1 12 27
