Date N              
6801 5   0.01517      5  
6802 4	 0.00997      12 	 
6803 6	 0.01170      1  	 
6804 16	 0.00473      3  	 
6805 5	 0.01277      9  	 
6806 8	 0.01138      7  	 
6807 8	 0.00424      3  	 
6808 9	 -0.00687     4  
6809 10	 -0.00023     1  
6810 10	 0.00791      1  	 
6811 7	 0.02538      5  	 
6812 1	 0.02939      3  	 
6901 6	 0.03927      4  	 
6902 5	 0.03710      17 	 
6903 6	 0.04186      5  	 
6904 5	 0.03156      7  	 
6905 13	 0.02180      1  	 
6906 6	 0.02299      9  	 
6901 10	 0.02057      2  	 
6908 13	 0.02191      3  	 
6909 4	 0.02094      2  	 
6910 8	 0.02171      2  	 
6911 5	 0.01298      6  	 
7001 2	 -0.00268     32 
7002 2	 -0.00987     7  
7003 2	 -0.01491     14 
7004 8	 -0.02361     4  
7005 4	 -0.03252     3  
7006 11	 -0.03957     3  
7007 4	 -0.04163     15 
7008 8	 -0.05107     3  
7009 9	 -0.06215     2  





Table 1
13
65
44
32
10
49
31
6
147
6
44
60
154
28
109
26
26
9
46
44
31
I
41
25
5
16
4
32
43
30
19
52
9
19
4
34
18
14
2
37
13
4
11
2
7
71
27
26
4
13
17
21
5
11
52
165
10
14
43
14
10
11
16
7
30
34
60
8
13
11
13
8
7
7
4
1423
28
2
4
9
9
3
5
2
4
8649961
36
7252
30
18
23
119
35
9
60
148
47
104
68
168
50
114
82
42
45
23
44
14
31
36
130
205
53
64
53
35
2552
91
48
57
46
49
29
53
22
44
30
44
98
3144
2862
16
70
33
82
59
77
18
52
31
7
22
28
49
26
24
18
17
12
32
52
87
152
53
26
42
56
70
61
37
153
111
37
46
175
208
45
Durations
Data used in hazard function estimation.
216
46
47
48
47
50
49
77
77
50
60
102
3
